
example one
-1 -1 -1 -1 -1 -1 -1 -1 -1 -1 -1 -1 -1 -1 -1 -1 -1 -1 -1 -1 
-1 0 1 0 0 0 0 0 0 0 0 0 0 0 0 0 0 0 0 -1 
-1 2 0 1 0 0 0 0 0 0 0 0 0 0 0 0 0 0 0 -1 
-1 0 1 0 1 0 0 0 0 0 0 0 0 0 0 0 0 0 0 -1 
-1 0 0 1 0 1 0 0 0 0 0 0 0 0 0 0 0 0 0 -1 
-1 0 0 0 1 0 1 0 0 0 0 0 0 0 0 0 0 0 0 -1 
-1 0 0 0 0 1 0 0 0 0 0 0 0 0 0 0 0 0 0 -1 
-1 0 0 0 0 0 0 0 0 0 0 0 0 0 0 0 0 0 0 -1 
-1 0 0 0 0 0 0 0 0 0 0 0 0 0 0 0 0 0 0 -1 
-1 0 0 0 0 0 0 0 0 0 0 0 0 0 0 0 0 0 0 -1 
-1 0 0 0 0 0 0 0 0 0 0 0 0 0 0 0 0 0 0 -1 
-1 0 0 0 0 0 0 0 0 0 0 0 0 0 0 0 0 0 0 -1 
-1 0 0 0 0 0 0 0 0 0 0 0 0 0 0 0 0 0 0 -1 
-1 0 0 0 0 0 0 0 0 0 0 0 0 0 0 0 0 0 0 -1 
-1 0 0 0 0 0 0 0 0 0 0 0 0 0 0 0 0 0 0 -1 
-1 0 0 0 0 0 0 0 0 0 0 0 0 0 0 0 0 0 0 -1 
-1 0 0 0 0 0 0 0 0 0 0 0 0 0 0 0 0 0 0 -1 
-1 0 0 0 0 0 0 0 0 0 0 0 0 0 0 0 0 0 3 -1 
-1 0 0 0 0 0 0 0 0 0 0 0 0 0 0 0 0 0 0 -1 
-1 -1 -1 -1 -1 -1 -1 -1 -1 -1 -1 -1 -1 -1 -1 -1 -1 -1 -1 -1 

no name
-1 -1 -1 -1 -1 -1 -1 -1 -1 -1 -1 -1 -1 -1 -1 -1 -1 -1 -1 -1 
-1 1 0 0 0 0 0 0 0 0 0 0 0 0 0 0 0 0 1 -1 
-1 2 1 0 0 0 0 0 0 0 0 0 0 0 0 0 0 1 0 -1 
-1 0 0 1 0 0 0 0 0 0 0 0 0 0 0 0 1 0 0 -1 
-1 0 0 0 1 0 0 0 0 0 0 0 0 0 0 1 0 0 0 -1 
-1 0 0 0 0 1 0 0 0 0 0 0 0 0 1 0 0 0 0 -1 
-1 0 0 0 0 0 1 0 0 0 0 0 0 1 0 0 0 0 0 -1 
-1 0 0 0 0 0 0 1 0 0 0 0 1 0 0 0 0 0 0 -1 
-1 0 0 0 0 0 0 0 1 0 0 1 0 0 0 0 0 0 0 -1 
-1 0 0 0 0 0 0 0 0 1 0 0 0 0 0 0 0 0 0 -1 
-1 0 0 0 0 0 0 0 0 0 1 0 0 0 0 0 0 0 0 -1 
-1 0 0 0 0 0 0 0 1 0 0 1 0 0 0 0 0 0 0 -1 
-1 0 0 0 0 0 0 1 0 0 0 0 1 0 0 0 0 0 0 -1 
-1 0 0 0 0 0 1 0 0 0 0 0 0 1 0 0 0 0 0 -1 
-1 0 0 0 0 1 0 0 0 0 0 0 0 0 1 0 0 0 0 -1 
-1 0 0 0 1 0 0 0 0 0 0 0 0 0 0 1 0 0 0 -1 
-1 0 0 1 0 0 0 0 0 0 0 0 0 0 0 0 1 0 0 -1 
-1 0 1 0 0 0 0 0 0 0 0 0 0 0 0 0 0 1 3 -1 
-1 1 0 0 0 0 0 0 0 0 0 0 0 0 0 0 0 0 1 -1 
-1 -1 -1 -1 -1 -1 -1 -1 -1 -1 -1 -1 -1 -1 -1 -1 -1 -1 -1 -1 

test
-1 -1 -1 -1 -1 -1 -1 -1 -1 -1 -1 -1 -1 -1 -1 -1 -1 -1 -1 -1 
-1 0 0 0 0 0 0 0 0 0 0 0 0 0 0 0 0 0 0 -1 
-1 2 0 0 0 0 0 0 0 0 0 0 0 0 0 0 0 0 0 -1 
-1 0 0 0 0 0 0 0 0 0 0 0 0 0 0 0 0 0 0 -1 
-1 0 0 0 0 0 0 0 0 0 0 0 0 0 0 0 0 0 0 -1 
-1 0 0 0 0 0 0 0 0 0 0 0 0 0 0 0 0 0 0 -1 
-1 0 0 0 0 0 0 0 0 0 0 0 0 0 0 0 0 0 0 -1 
-1 1 1 1 1 1 0 0 0 0 0 0 0 0 0 0 0 0 0 -1 
-1 0 0 0 0 0 0 0 0 0 0 0 0 0 0 0 0 0 0 -1 
-1 0 0 0 0 0 0 0 0 0 0 0 0 0 0 0 0 0 0 -1 
-1 0 0 0 0 0 0 0 0 0 0 0 0 0 0 0 0 0 0 -1 
-1 0 0 0 0 0 0 0 0 0 0 0 0 0 0 0 0 0 0 -1 
-1 0 0 0 0 0 0 0 0 0 0 0 0 0 0 0 0 0 0 -1 
-1 0 0 0 0 0 0 0 0 0 0 0 0 0 0 0 0 0 0 -1 
-1 0 0 0 0 0 0 0 0 0 0 0 0 0 0 0 0 0 0 -1 
-1 0 0 0 0 0 0 0 0 0 0 0 0 0 0 0 0 0 0 -1 
-1 0 0 0 0 0 0 0 0 0 0 0 0 0 0 0 0 0 0 -1 
-1 0 0 0 0 0 0 0 0 0 0 0 0 0 0 0 0 0 3 -1 
-1 0 0 0 0 0 0 0 0 0 0 0 0 0 0 0 0 0 0 -1 
-1 -1 -1 -1 -1 -1 -1 -1 -1 -1 -1 -1 -1 -1 -1 -1 -1 -1 -1 -1 
<<<<<<< HEAD

a successful example?
-1 -1 -1 -1 -1 -1 -1 -1 -1 -1 -1 -1 -1 -1 -1 -1 -1 -1 -1 -1 
-1 0 0 0 0 0 0 0 0 0 0 0 0 0 0 0 0 0 0 -1 
-1 0 0 0 0 0 0 0 0 0 0 0 0 0 0 0 0 0 0 -1 
-1 0 0 0 0 0 0 0 0 0 0 0 0 0 0 0 0 0 0 -1 
-1 0 0 0 0 0 0 0 0 0 0 0 0 0 0 0 0 0 0 -1 
-1 0 0 0 0 0 0 0 0 0 0 0 0 0 0 0 0 0 0 -1 
-1 0 0 0 0 0 0 0 0 0 0 0 0 0 0 0 0 0 0 -1 
-1 0 0 0 0 0 0 0 0 0 0 0 0 0 0 0 0 0 0 -1 
-1 0 0 0 0 0 0 0 0 0 0 0 0 0 0 0 0 0 0 -1 
-1 0 0 0 0 0 1 0 0 0 0 0 0 0 0 0 0 0 0 -1 
-1 0 0 0 0 0 0 1 0 0 0 0 0 0 0 0 0 0 0 -1 
-1 0 0 0 0 0 0 0 0 0 0 0 0 0 0 0 0 0 0 -1 
-1 0 0 0 0 0 0 0 0 0 0 0 0 0 0 0 0 0 0 -1 
-1 0 0 0 0 0 0 0 0 0 0 0 0 0 0 0 0 0 0 -1 
-1 0 0 0 0 0 0 0 0 0 0 0 0 0 0 0 0 0 0 -1 
-1 0 0 0 0 0 0 0 0 0 0 0 0 0 0 0 0 0 0 -1 
-1 0 0 0 0 0 0 0 0 0 0 0 0 0 0 0 0 0 0 -1 
-1 0 0 0 0 0 0 0 0 0 0 0 0 0 0 0 0 0 0 -1 
-1 0 0 0 0 0 0 0 0 0 0 0 0 0 0 0 0 0 0 -1 
-1 -1 -1 -1 -1 -1 -1 -1 -1 -1 -1 -1 -1 -1 -1 -1 -1 -1 -1 -1 


-1 -1 -1 -1 -1 -1 -1 -1 -1 -1 -1 -1 -1 -1 -1 -1 -1 -1 -1 -1 
-1 0 0 0 0 0 0 0 0 0 0 0 0 0 0 0 0 0 0 -1 
-1 0 0 0 1 0 0 1 1 0 0 1 0 0 0 0 0 0 0 -1 
-1 0 0 0 0 0 0 0 0 0 0 0 1 0 0 0 0 0 0 -1 
-1 0 0 0 0 0 0 0 1 0 0 0 0 1 1 0 0 0 0 -1 
-1 0 0 0 0 0 0 0 1 1 1 0 0 0 1 0 0 0 0 -1 
-1 0 0 0 1 0 0 0 0 1 0 1 0 0 0 0 0 0 0 -1 
-1 0 0 0 1 0 0 1 0 0 1 0 0 0 1 0 0 0 0 -1 
-1 0 0 0 1 1 0 1 0 0 1 0 0 0 1 0 0 0 0 -1 
-1 0 0 0 1 0 0 0 0 0 0 0 0 0 1 0 0 0 0 -1 
-1 0 0 0 1 0 0 0 0 0 0 0 0 0 0 0 1 0 0 -1 
-1 0 0 0 0 0 0 0 0 0 0 0 0 1 0 0 1 0 0 -1 
-1 0 0 0 1 1 0 0 0 0 0 0 1 0 0 0 0 0 0 -1 
-1 0 0 0 1 0 0 0 0 0 0 1 0 0 0 0 1 0 0 -1 
-1 0 0 0 1 1 0 1 1 0 1 0 0 0 0 0 1 0 0 -1 
-1 0 0 0 0 0 0 0 0 0 0 0 0 0 0 0 0 0 0 -1 
-1 0 0 0 1 0 0 0 0 0 0 0 0 0 0 0 1 0 0 -1 
-1 0 0 0 0 1 1 0 0 1 1 0 1 0 0 1 0 0 0 -1 
-1 0 0 0 0 0 0 0 0 0 0 0 0 0 0 0 0 0 0 -1 
-1 -1 -1 -1 -1 -1 -1 -1 -1 -1 -1 -1 -1 -1 -1 -1 -1 -1 -1 -1 


-1 -1 -1 -1 -1 -1 -1 -1 -1 -1 -1 -1 -1 -1 -1 -1 -1 -1 -1 -1 
-1 0 0 0 0 0 1 1 0 0 0 0 0 0 0 0 0 0 0 -1 
-1 0 0 0 0 0 0 0 0 0 0 0 0 0 0 0 0 0 0 -1 
-1 0 0 0 0 0 1 1 0 0 0 1 0 0 0 0 0 0 0 -1 
-1 0 0 0 0 0 0 0 0 0 0 0 0 0 0 0 0 0 0 -1 
-1 0 0 0 0 0 1 0 0 1 0 0 0 0 0 0 0 0 0 -1 
-1 0 0 0 0 1 0 0 0 0 0 0 0 0 0 0 0 0 0 -1 
-1 0 0 0 0 1 0 0 0 0 0 0 0 0 0 0 0 0 0 -1 
-1 0 0 0 0 0 0 0 0 0 0 0 0 0 0 0 0 0 0 -1 
-1 0 0 0 0 1 0 0 0 0 0 0 0 0 0 0 0 0 0 -1 
-1 0 0 0 0 0 0 0 0 0 0 0 0 0 0 0 0 0 0 -1 
-1 0 0 0 0 1 0 0 0 0 0 0 0 0 0 0 0 0 0 -1 
-1 0 0 0 0 0 0 0 0 0 0 0 0 0 0 0 0 0 0 -1 
-1 0 0 0 0 1 0 0 0 0 0 0 0 0 0 0 0 0 0 -1 
-1 0 0 0 0 0 0 0 0 0 0 0 0 0 0 0 0 0 0 -1 
-1 0 0 0 0 0 0 0 0 0 0 0 0 0 0 0 0 0 0 -1 
-1 0 0 0 0 0 0 0 0 0 0 0 0 0 0 0 0 0 0 -1 
-1 0 0 0 0 0 0 0 0 0 0 0 0 0 0 0 0 0 0 -1 
-1 0 0 0 0 0 0 0 0 0 0 0 0 0 0 0 0 0 0 -1 
-1 -1 -1 -1 -1 -1 -1 -1 -1 -1 -1 -1 -1 -1 -1 -1 -1 -1 -1 -1 


-1 -1 -1 -1 -1 -1 -1 -1 -1 -1 -1 -1 -1 -1 -1 -1 -1 -1 -1 -1 
-1 0 0 0 0 0 0 0 0 0 0 0 0 0 0 0 0 0 0 -1 
-1 0 0 0 0 0 0 0 0 0 0 0 0 0 0 0 0 0 0 -1 
-1 0 0 0 0 0 0 1 0 0 0 0 0 0 0 0 0 0 0 -1 
-1 0 0 0 0 0 0 0 0 0 0 0 0 0 0 0 0 0 0 -1 
-1 0 0 0 0 0 0 1 1 1 0 0 0 0 0 0 0 0 0 -1 
-1 0 0 0 0 0 0 0 0 0 0 0 0 0 0 0 0 0 0 -1 
-1 0 0 0 0 0 0 0 0 0 0 0 0 0 0 0 0 0 0 -1 
-1 0 0 0 0 0 0 0 0 0 0 0 0 0 0 0 0 0 0 -1 
-1 0 0 0 0 0 0 0 0 0 0 0 0 0 0 0 0 0 0 -1 
-1 0 0 0 0 0 0 0 0 0 0 0 0 0 0 0 0 0 0 -1 
-1 0 0 0 0 0 1 0 1 0 0 0 0 0 0 0 0 0 0 -1 
-1 0 0 0 0 0 0 1 0 1 0 0 0 0 0 0 0 0 0 -1 
-1 0 0 0 0 0 0 0 1 1 1 1 1 0 0 0 0 0 0 -1 
-1 0 0 0 0 0 0 0 0 0 0 0 0 0 0 0 0 0 0 -1 
-1 0 0 0 0 0 0 0 0 0 0 0 0 0 0 0 0 0 0 -1 
-1 0 0 0 0 0 0 0 0 0 0 0 0 0 0 0 0 0 0 -1 
-1 0 0 0 0 0 0 0 0 0 0 0 0 0 0 0 0 0 0 -1 
-1 0 0 0 0 0 0 0 0 0 0 0 0 0 0 0 0 0 0 -1 
-1 -1 -1 -1 -1 -1 -1 -1 -1 -1 -1 -1 -1 -1 -1 -1 -1 -1 -1 -1 

地道战
-1 -1 -1 -1 -1 -1 -1 -1 -1 -1 -1 -1 -1 -1 -1 -1 -1 -1 -1 -1 
-1 0 0 0 0 0 0 0 0 0 0 0 0 0 0 0 0 0 0 -1 
-1 0 0 0 0 0 0 0 0 0 0 0 0 0 0 0 0 0 0 -1 
-1 0 0 0 0 0 0 0 0 0 0 0 0 0 0 0 0 0 0 -1 
-1 1 0 0 0 0 0 0 0 0 0 0 0 0 0 0 0 0 0 -1 
-1 1 0 0 0 0 0 0 0 0 0 0 0 0 0 0 0 0 0 -1 
-1 1 0 0 0 0 0 0 0 0 0 0 0 0 0 0 0 0 0 -1 
-1 0 1 0 0 0 0 0 0 0 0 1 1 1 0 1 0 0 0 -1 
-1 0 0 0 1 0 0 0 0 0 0 0 0 0 0 0 0 0 0 -1 
-1 0 0 0 0 1 0 0 0 0 0 0 0 0 0 0 0 0 0 -1 
-1 0 0 0 0 0 1 1 0 0 0 0 0 0 0 0 0 0 0 -1 
-1 0 0 0 0 0 0 1 0 0 1 0 0 0 0 0 0 0 0 -1 
-1 0 0 0 0 0 0 0 1 1 0 0 0 0 1 0 1 0 0 -1 
-1 0 0 0 0 0 0 0 0 0 0 0 0 1 0 0 0 0 0 -1 
-1 0 0 0 0 0 0 0 0 0 0 0 0 0 0 0 0 0 0 -1 
-1 0 0 0 0 0 0 0 0 0 0 0 0 0 0 0 0 0 0 -1 
-1 0 0 0 0 0 0 0 0 0 0 0 0 0 0 0 0 0 0 -1 
-1 0 0 0 0 0 0 0 0 0 0 0 0 0 0 0 0 0 0 -1 
-1 0 0 0 0 0 0 0 0 0 0 0 0 0 0 0 0 0 0 -1 
-1 -1 -1 -1 -1 -1 -1 -1 -1 -1 -1 -1 -1 -1 -1 -1 -1 -1 -1 -1 

地道战
-1 -1 -1 -1 -1 -1 -1 -1 -1 -1 -1 -1 -1 -1 -1 -1 -1 -1 -1 -1 
-1 0 0 0 0 0 0 0 0 0 0 0 0 0 0 0 0 0 0 -1 
-1 0 0 0 0 0 0 0 0 0 0 0 0 0 0 0 0 0 0 -1 
-1 0 0 0 0 1 0 0 1 0 0 0 0 0 0 0 0 0 0 -1 
-1 0 0 0 0 1 0 1 1 0 0 0 0 1 0 0 0 0 0 -1 
-1 0 0 0 1 0 0 1 0 0 0 0 0 0 0 0 0 0 0 -1 
-1 0 0 1 0 0 0 0 0 0 0 0 0 0 0 0 1 0 0 -1 
-1 0 0 0 0 0 1 1 0 0 0 0 0 0 0 0 1 0 0 -1 
-1 1 0 0 1 0 0 0 0 0 0 0 0 0 0 0 0 0 0 -1 
-1 0 0 1 0 1 0 0 0 0 0 0 0 0 0 0 0 1 0 -1 
-1 0 0 0 0 0 0 0 0 0 3 0 0 0 0 0 0 1 0 -1 
-1 0 0 0 1 0 1 0 0 0 0 0 2 0 0 0 0 0 0 -1 
-1 0 1 1 0 0 0 0 0 1 0 0 0 0 0 0 1 0 0 -1 
-1 1 0 0 0 0 0 0 0 0 0 0 0 0 0 1 0 0 0 -1 
-1 1 0 1 0 0 1 0 0 1 0 0 0 1 0 0 0 0 0 -1 
-1 0 1 1 0 0 0 0 0 0 0 0 0 0 0 0 0 0 0 -1 
-1 0 0 1 0 0 0 0 0 0 0 0 0 0 0 0 0 0 0 -1 
-1 0 0 0 0 0 0 0 0 0 0 0 0 0 0 0 0 0 0 -1 
-1 0 0 0 0 0 0 0 0 0 0 0 0 0 0 0 0 0 0 -1 
-1 -1 -1 -1 -1 -1 -1 -1 -1 -1 -1 -1 -1 -1 -1 -1 -1 -1 -1 -1 

地道战
-1 -1 -1 -1 -1 -1 -1 -1 -1 -1 -1 -1 -1 -1 -1 -1 -1 -1 -1 -1 
-1 0 0 0 0 0 0 0 0 0 0 0 0 0 0 0 0 0 0 -1 
-1 0 0 0 0 0 0 0 0 0 0 0 0 0 0 0 0 0 0 -1 
-1 0 0 0 0 0 0 0 0 3 0 0 0 0 0 0 0 0 0 -1 
-1 0 0 0 0 0 0 0 0 0 0 0 0 0 0 0 0 0 0 -1 
-1 0 0 0 0 0 0 0 0 0 0 0 0 0 0 0 0 0 0 -1 
-1 0 0 0 0 0 0 1 0 0 0 0 0 0 0 0 0 0 0 -1 
-1 0 0 0 0 0 0 0 0 0 0 0 0 0 1 0 0 0 0 -1 
-1 0 0 0 0 0 0 0 0 0 0 0 0 0 0 0 0 0 0 -1 
-1 0 0 0 0 0 0 0 0 0 0 0 0 0 0 0 0 0 0 -1 
-1 1 0 0 0 0 1 0 0 0 0 0 0 0 0 0 0 0 0 -1 
-1 0 0 0 0 0 1 0 0 0 0 0 0 0 0 0 0 0 0 -1 
-1 0 0 0 0 0 1 0 0 0 0 0 0 0 0 1 0 0 0 -1 
-1 0 0 0 0 0 1 0 0 0 0 0 0 0 0 0 1 0 0 -1 
-1 0 0 0 0 0 0 0 1 0 1 0 0 0 1 0 0 0 0 -1 
-1 0 1 0 0 0 1 0 0 0 0 1 1 0 0 0 0 0 0 -1 
-1 0 0 0 0 0 0 0 0 0 0 0 0 0 0 0 0 0 0 -1 
-1 0 0 0 0 0 0 0 0 0 0 0 0 0 0 0 0 0 0 -1 
-1 0 0 0 0 0 0 0 0 0 0 0 0 0 0 0 0 0 0 -1 
-1 -1 -1 -1 -1 -1 -1 -1 -1 -1 -1 -1 -1 -1 -1 -1 -1 -1 -1 -1 


-1 -1 -1 -1 -1 -1 -1 -1 -1 -1 -1 -1 -1 -1 -1 -1 -1 -1 -1 -1 
-1 0 0 0 0 0 0 0 0 0 0 0 0 0 0 0 0 0 0 -1 
-1 0 0 0 0 0 0 0 0 0 0 0 0 0 0 0 0 0 0 -1 
-1 0 0 0 0 0 0 0 0 0 0 0 0 0 0 0 0 0 0 -1 
-1 0 0 0 0 0 0 0 0 1 0 0 1 0 0 0 0 0 0 -1 
-1 0 0 0 0 0 0 1 0 0 0 0 0 0 0 0 0 0 0 -1 
-1 0 0 0 0 0 0 0 0 0 0 0 0 0 1 0 0 0 0 -1 
-1 0 0 0 0 0 0 1 0 0 0 0 0 0 0 0 0 0 0 -1 
-1 0 0 0 0 0 0 0 0 0 1 0 1 0 0 0 1 0 0 -1 
-1 0 0 0 0 0 0 0 0 0 0 0 0 0 0 0 0 0 0 -1 
-1 0 0 1 0 0 0 0 0 1 1 0 1 0 0 0 0 0 0 -1 
-1 0 0 0 0 0 1 0 0 0 0 0 0 0 0 0 1 0 0 -1 
-1 0 1 0 0 0 0 1 1 0 1 0 1 0 0 0 0 0 0 -1 
-1 0 0 0 0 0 1 1 0 0 0 1 1 0 0 0 1 0 0 -1 
-1 0 1 0 0 1 0 1 1 0 0 0 1 0 0 0 0 1 0 -1 
-1 0 1 0 1 0 0 0 1 1 0 1 1 1 0 0 0 0 0 -1 
-1 0 1 0 0 0 1 0 0 1 0 1 1 1 1 0 0 0 0 -1 
-1 0 0 1 1 0 0 0 0 0 1 0 1 1 1 0 0 0 0 -1 
-1 0 0 0 0 0 0 0 1 1 1 0 0 0 0 0 0 0 0 -1 
-1 -1 -1 -1 -1 -1 -1 -1 -1 -1 -1 -1 -1 -1 -1 -1 -1 -1 -1 -1 
=======
>>>>>>> c1557b7354f4818606fa4690ab8eba669f54d996
