
ADVENTURE_1
-1 -1 -1 -1 -1 -1 -1 -1 -1 -1 -1 -1 -1 -1 -1 -1 -1 -1 -1 -1 
-1 0 0 0 0 0 0 0 0 0 0 0 0 0 0 0 0 0 0 -1 
-1 2 0 1 0 1 0 1 0 1 0 1 0 1 0 1 0 1 0 -1 
-1 0 0 0 0 0 0 0 0 0 0 0 0 0 0 0 0 0 0 -1 
-1 0 1 0 1 0 1 0 1 0 1 0 1 0 1 0 1 0 0 -1 
-1 0 0 0 0 0 0 0 0 0 0 0 0 0 0 0 0 0 0 -1 
-1 0 0 1 0 1 0 1 0 1 0 1 0 1 0 1 0 1 0 -1 
-1 0 0 0 0 0 0 0 0 0 0 0 0 0 0 0 0 0 0 -1 
-1 0 1 0 1 0 1 0 1 0 1 0 1 0 1 0 1 0 0 -1 
-1 0 0 0 0 0 0 0 0 4 0 0 0 0 0 0 0 0 0 -1 
-1 0 0 1 0 1 0 1 0 1 0 1 0 1 0 1 0 1 0 -1 
-1 0 0 0 0 0 0 0 0 0 0 0 0 0 0 0 0 0 0 -1 
-1 0 1 0 1 0 1 0 1 0 1 0 1 0 1 0 1 0 0 -1 
-1 0 0 0 0 0 0 0 0 0 0 0 0 0 0 0 0 0 0 -1 
-1 0 0 1 0 1 0 1 0 1 0 1 0 1 0 1 0 1 0 -1 
-1 0 0 0 0 0 0 0 0 0 0 0 0 0 0 0 0 0 0 -1 
-1 0 1 0 1 0 1 0 1 0 1 0 1 0 1 0 1 0 0 -1 
-1 0 0 0 0 0 0 0 0 0 0 0 0 0 0 0 0 0 3 -1 
-1 0 0 0 0 0 0 0 0 0 0 0 0 0 0 0 0 0 0 -1 
-1 -1 -1 -1 -1 -1 -1 -1 -1 -1 -1 -1 -1 -1 -1 -1 -1 -1 -1 -1 

ADVENTURE_2
-1 -1 -1 -1 -1 -1 -1 -1 -1 -1 -1 -1 -1 -1 -1 -1 -1 -1 -1 -1 
-1 0 1 1 1 1 0 0 0 0 0 0 0 0 0 0 0 0 0 -1 
-1 2 0 0 0 0 1 0 0 0 0 0 0 0 0 0 0 0 0 -1 
-1 0 1 1 1 0 0 1 0 0 0 1 0 0 1 0 0 0 0 -1 
-1 0 0 0 0 1 0 0 1 0 0 0 0 0 0 0 0 0 0 -1 
-1 0 0 0 0 0 1 0 0 1 0 0 0 0 0 1 0 0 0 -1 
-1 0 0 0 0 0 0 1 0 0 1 0 0 0 0 0 0 0 0 -1 
-1 0 0 0 0 0 0 0 1 0 0 1 0 0 0 0 0 1 0 -1 
-1 0 0 0 1 0 0 0 0 1 4 0 1 0 0 1 0 0 0 -1 
-1 0 0 0 0 0 0 0 0 0 1 0 0 1 0 0 0 0 0 -1 
-1 0 0 0 0 0 1 0 0 0 0 1 0 0 1 0 0 0 0 -1 
-1 0 0 0 0 0 0 0 0 0 0 0 1 0 0 1 0 0 0 -1 
-1 0 0 0 0 0 1 0 0 0 0 0 0 1 0 0 1 0 0 -1 
-1 0 0 1 0 0 0 0 0 1 0 0 0 0 1 0 0 1 0 -1 
-1 0 0 0 0 0 0 0 0 0 0 0 0 0 0 1 0 0 1 -1 
-1 0 0 0 0 0 1 0 0 0 0 0 0 0 0 0 1 0 1 -1 
-1 0 0 0 0 0 0 0 1 0 0 0 0 0 0 0 1 0 1 -1 
-1 0 0 0 0 0 0 0 0 0 0 0 0 0 0 0 1 0 3 -1 
-1 0 0 0 0 0 0 0 0 0 0 0 0 0 0 0 0 1 0 -1 
-1 -1 -1 -1 -1 -1 -1 -1 -1 -1 -1 -1 -1 -1 -1 -1 -1 -1 -1 -1 

ADVENTURE_3
-1 -1 -1 -1 -1 -1 -1 -1 -1 -1 -1 -1 -1 -1 -1 -1 -1 -1 -1 -1 
-1 0 1 1 1 1 1 1 1 1 1 1 1 1 1 1 1 1 0 -1 
-1 2 0 0 0 0 0 0 0 0 0 0 0 0 0 0 0 4 1 -1 
-1 0 1 1 1 1 1 1 0 0 0 0 1 1 1 1 1 1 0 -1 
-1 0 1 0 1 0 0 0 1 0 0 1 0 0 0 0 0 1 0 -1 
-1 0 1 0 0 0 0 1 1 0 0 1 1 0 0 0 0 1 0 -1 
-1 0 1 1 0 1 0 0 1 0 1 1 0 0 1 0 1 1 0 -1 
-1 0 1 0 0 1 0 0 1 0 0 1 0 0 1 0 0 1 0 -1 
-1 0 1 0 0 1 1 0 1 0 0 1 0 1 1 0 0 1 0 -1 
-1 0 1 0 1 1 0 0 1 1 0 1 0 0 1 1 0 1 0 -1 
-1 0 1 0 0 1 0 0 1 0 0 1 0 0 1 0 0 1 0 -1 
-1 0 1 0 0 1 0 1 1 0 0 1 1 0 1 0 0 1 0 -1 
-1 0 1 1 0 1 0 0 1 0 1 1 0 0 1 0 1 1 0 -1 
-1 0 1 0 0 1 0 0 1 0 0 1 0 0 1 0 0 1 0 -1 
-1 0 1 0 0 1 1 0 1 0 0 1 0 1 1 0 0 1 0 -1 
-1 0 1 0 1 1 0 0 1 1 0 1 0 0 1 1 0 1 0 -1 
-1 0 1 0 0 1 0 0 0 0 0 1 0 0 1 0 0 1 1 -1 
-1 0 1 0 0 1 1 1 1 1 1 1 1 0 1 0 0 0 3 -1 
-1 0 1 1 0 0 0 0 0 0 0 0 0 0 1 1 1 1 1 -1 
-1 -1 -1 -1 -1 -1 -1 -1 -1 -1 -1 -1 -1 -1 -1 -1 -1 -1 -1 -1 

ADVENTURE_4
-1 -1 -1 -1 -1 -1 -1 -1 -1 -1 -1 -1 -1 -1 -1 -1 -1 -1 -1 -1 
-1 0 1 1 0 0 0 1 0 0 0 1 0 0 1 0 1 1 0 -1 
-1 2 0 0 1 0 1 0 0 1 0 0 1 0 0 0 0 0 1 -1 
-1 0 1 0 0 1 0 1 0 0 1 0 0 0 0 1 0 0 1 -1 
-1 0 1 0 0 0 1 0 1 0 0 1 0 1 1 4 1 0 0 -1 
-1 0 0 1 0 0 0 1 0 1 0 0 1 0 0 0 1 0 0 -1 
-1 0 0 0 1 0 0 0 1 0 0 1 0 0 0 1 0 0 1 -1 
-1 0 1 0 0 1 0 0 0 0 1 0 0 0 1 0 0 1 0 -1 
-1 0 0 1 0 0 1 0 0 1 0 0 0 1 0 0 0 0 0 -1 
-1 1 0 0 1 0 0 1 1 0 1 0 1 0 0 1 0 1 0 -1 
-1 0 1 0 0 1 0 0 0 0 0 0 1 0 1 0 1 0 0 -1 
-1 0 0 1 0 1 0 1 0 1 0 0 0 1 0 1 0 1 0 -1 
-1 0 1 0 0 1 0 0 0 0 1 0 0 0 1 0 1 0 0 -1 
-1 1 0 0 1 0 1 0 1 0 0 1 0 0 0 1 0 1 0 -1 
-1 0 0 1 0 0 0 1 0 1 1 0 1 0 0 0 1 0 0 -1 
-1 1 0 0 0 1 0 0 1 0 0 1 0 1 0 0 0 0 1 -1 
-1 0 0 1 0 0 1 0 0 0 0 0 1 0 1 0 1 1 0 -1 
-1 0 1 0 1 0 0 1 0 0 1 0 0 1 0 1 0 0 3 -1 
-1 1 0 1 0 1 0 0 1 1 0 1 0 0 0 0 0 1 0 -1 
-1 -1 -1 -1 -1 -1 -1 -1 -1 -1 -1 -1 -1 -1 -1 -1 -1 -1 -1 -1 

ADVENTURE_5
-1 -1 -1 -1 -1 -1 -1 -1 -1 -1 -1 -1 -1 -1 -1 -1 -1 -1 -1 -1 
-1 1 0 1 0 0 0 1 0 0 0 0 1 0 0 0 1 0 1 -1 
-1 2 0 0 1 0 1 0 0 1 1 0 0 1 0 1 0 0 0 -1 
-1 0 1 0 0 1 0 0 1 0 0 1 0 0 1 0 0 1 0 -1 
-1 0 0 1 0 0 0 1 0 0 0 0 1 0 0 0 1 0 0 -1 
-1 0 0 0 1 0 1 0 0 1 0 0 0 1 0 1 0 0 1 -1 
-1 0 1 0 0 1 0 0 1 0 0 1 0 0 1 0 0 1 0 -1 
-1 0 0 1 0 0 0 1 0 1 0 0 1 0 0 0 1 0 0 -1 
-1 1 0 0 1 0 1 0 0 0 1 0 0 1 0 1 0 0 1 -1 
-1 0 1 0 0 1 0 0 1 0 0 1 0 0 1 0 0 1 0 -1 
-1 0 0 1 0 0 0 1 0 0 0 0 1 0 0 0 1 0 0 -1 
-1 1 0 0 1 0 1 0 0 1 1 0 0 1 0 1 0 0 0 -1 
-1 0 1 0 0 1 0 0 1 0 0 1 0 0 1 0 0 1 0 -1 
-1 0 0 0 0 0 0 1 0 0 0 0 1 0 0 0 1 0 0 -1 
-1 1 0 0 1 0 1 0 0 1 1 0 0 1 0 1 0 0 1 -1 
-1 0 1 0 0 1 0 0 1 0 0 1 1 4 1 0 0 1 0 -1 
-1 0 0 1 0 0 0 1 0 0 0 0 1 0 0 0 1 0 0 -1 
-1 1 0 0 1 0 0 0 0 1 1 0 0 1 1 1 0 0 3 -1 
-1 0 1 0 0 1 0 0 1 0 0 1 0 0 0 0 0 1 0 -1 
-1 -1 -1 -1 -1 -1 -1 -1 -1 -1 -1 -1 -1 -1 -1 -1 -1 -1 -1 -1 

ADVENTURE_6
-1 -1 -1 -1 -1 -1 -1 -1 -1 -1 -1 -1 -1 -1 -1 -1 -1 -1 -1 -1 
-1 0 1 0 0 0 1 0 0 0 0 0 0 0 1 0 1 0 0 -1 
-1 2 0 0 1 0 0 1 0 0 1 0 1 0 0 1 0 1 0 -1 
-1 0 0 1 0 1 0 0 1 0 0 1 0 1 0 0 1 0 1 -1 
-1 0 1 0 0 0 0 0 0 1 0 0 0 0 1 0 0 1 0 -1 
-1 1 0 0 1 0 0 1 0 0 1 0 0 1 0 0 1 0 1 -1 
-1 0 0 1 0 0 1 0 0 1 0 0 1 0 0 0 0 0 0 -1 
-1 0 1 0 0 1 0 0 1 0 0 1 0 0 1 0 0 1 0 -1 
-1 0 0 0 1 0 0 0 0 0 1 0 0 1 0 0 1 0 0 -1 
-1 0 1 0 0 0 1 0 0 1 0 0 1 0 0 1 0 1 4 -1 
-1 1 0 1 0 1 0 0 1 0 0 1 0 0 1 0 0 0 1 -1 
-1 0 1 0 1 0 0 1 0 0 1 0 0 1 0 0 1 0 0 -1 
-1 1 0 0 0 0 1 0 0 0 1 0 1 0 0 1 1 0 0 -1 
-1 0 0 1 0 1 1 0 1 0 0 1 0 0 1 0 0 1 0 -1 
-1 0 1 0 1 0 0 1 0 1 0 0 0 1 0 1 0 0 1 -1 
-1 0 0 1 0 0 1 0 0 0 1 0 1 0 0 0 0 1 0 -1 
-1 1 0 0 0 1 0 0 1 0 0 1 0 0 1 1 0 0 1 -1 
-1 0 1 0 0 0 0 1 0 1 0 0 0 1 0 0 1 0 3 -1 
-1 1 0 1 0 0 1 0 0 0 1 0 1 0 1 0 0 0 1 -1 
-1 -1 -1 -1 -1 -1 -1 -1 -1 -1 -1 -1 -1 -1 -1 -1 -1 -1 -1 -1 

ADVENTURE_7
-1 -1 -1 -1 -1 -1 -1 -1 -1 -1 -1 -1 -1 -1 -1 -1 -1 -1 -1 -1 
-1 0 1 0 1 0 1 0 1 0 0 0 0 0 0 0 0 0 1 -1 
-1 2 0 1 0 1 0 1 0 1 0 1 0 1 0 1 0 1 0 -1 
-1 0 4 0 0 0 0 0 1 0 0 0 1 0 1 0 0 0 1 -1 
-1 1 0 1 0 1 0 1 0 1 0 1 0 1 0 1 0 1 0 -1 
-1 0 1 0 1 0 0 0 1 0 0 0 1 0 0 0 0 0 1 -1 
-1 1 0 1 0 1 0 1 0 1 0 1 0 1 0 1 0 1 0 -1 
-1 0 0 0 0 0 0 0 1 0 0 0 1 0 0 0 1 0 1 -1 
-1 1 0 1 0 1 0 1 0 1 0 1 0 1 0 1 0 1 0 -1 
-1 0 0 0 1 0 1 0 1 0 0 0 1 0 0 0 0 0 0 -1 
-1 1 0 1 0 1 0 1 0 1 0 1 0 1 0 1 0 1 0 -1 
-1 0 0 0 0 0 0 0 0 0 0 0 1 0 1 0 1 0 0 -1 
-1 1 0 1 0 1 0 1 0 1 0 1 0 1 0 1 0 1 0 -1 
-1 0 1 0 1 0 1 0 1 0 1 0 1 0 0 0 0 0 0 -1 
-1 1 0 1 0 1 0 1 0 1 0 1 0 1 0 1 0 1 0 -1 
-1 0 0 0 0 0 0 0 0 0 0 0 0 0 0 0 1 0 1 -1 
-1 1 0 1 0 1 0 1 0 1 0 1 0 1 0 1 0 1 0 -1 
-1 0 0 0 1 0 1 0 1 0 1 0 1 0 1 0 1 0 3 -1 
-1 1 0 0 0 0 0 0 0 0 0 0 0 0 0 0 0 0 0 -1 
-1 -1 -1 -1 -1 -1 -1 -1 -1 -1 -1 -1 -1 -1 -1 -1 -1 -1 -1 -1 

ADVENTURE_8
-1 -1 -1 -1 -1 -1 -1 -1 -1 -1 -1 -1 -1 -1 -1 -1 -1 -1 -1 -1 
-1 0 1 0 0 1 0 0 1 0 0 1 0 0 1 0 0 0 0 -1 
-1 2 0 4 0 0 0 1 0 0 1 0 0 1 0 0 1 0 0 -1 
-1 0 0 1 0 0 1 0 0 0 0 1 1 0 0 1 0 0 1 -1 
-1 0 1 0 0 1 0 0 1 0 0 0 0 0 1 0 0 0 0 -1 
-1 1 0 0 1 0 0 1 0 1 0 0 0 1 1 0 1 0 1 -1 
-1 0 0 0 0 0 0 0 1 0 1 0 1 0 0 0 0 1 0 -1 
-1 0 1 0 0 1 0 0 0 1 0 1 0 0 1 0 0 0 1 -1 
-1 1 0 0 1 0 1 0 0 0 1 0 0 0 0 1 0 1 0 -1 
-1 0 0 0 0 1 0 1 0 1 1 0 1 0 1 0 1 0 1 -1 
-1 0 1 0 0 0 1 0 1 1 0 1 0 0 0 1 0 1 0 -1 
-1 1 0 1 0 0 0 1 0 0 1 0 1 0 0 0 0 0 1 -1 
-1 0 0 1 0 0 1 0 0 1 0 0 0 1 0 1 0 1 0 -1 
-1 0 1 0 0 1 0 0 0 0 1 0 0 0 1 0 0 0 1 -1 
-1 1 0 0 1 1 0 1 0 0 0 1 0 1 0 0 0 1 0 -1 
-1 0 0 1 0 0 1 0 1 0 1 0 0 0 1 0 1 0 1 -1 
-1 0 1 0 0 1 0 0 0 0 0 0 0 1 0 0 0 0 0 -1 
-1 0 0 0 0 0 0 0 1 0 1 0 1 0 1 0 1 0 3 -1 
-1 0 0 1 0 1 0 1 0 1 0 1 0 1 0 1 0 1 0 -1 
-1 -1 -1 -1 -1 -1 -1 -1 -1 -1 -1 -1 -1 -1 -1 -1 -1 -1 -1 -1 

ADVENTURE_9
-1 -1 -1 -1 -1 -1 -1 -1 -1 -1 -1 -1 -1 -1 -1 -1 -1 -1 -1 -1 
-1 0 0 1 0 1 0 1 0 1 1 0 1 0 1 0 1 0 1 -1 
-1 2 0 0 0 0 1 0 1 0 0 1 0 1 0 1 0 1 0 -1 
-1 1 0 1 0 0 0 1 0 1 1 0 1 0 0 0 1 0 1 -1 
-1 0 1 0 0 1 0 0 1 0 0 1 0 0 1 0 0 1 0 -1 
-1 1 0 0 1 0 1 0 0 1 1 0 0 1 0 1 0 0 1 -1 
-1 0 0 1 0 1 0 1 0 0 0 0 1 0 1 4 1 0 0 -1 
-1 0 1 0 0 0 1 0 1 0 0 1 0 1 0 0 0 1 0 -1 
-1 0 0 0 1 0 0 1 0 1 1 0 1 0 0 1 0 1 0 -1 
-1 0 1 0 0 1 0 0 1 0 0 1 0 0 1 0 0 1 0 -1 
-1 0 0 1 0 0 1 0 0 1 1 0 0 1 0 0 1 0 0 -1 
-1 1 0 0 1 0 0 1 0 0 0 0 1 0 0 1 0 0 1 -1 
-1 0 1 0 0 1 0 0 1 0 0 1 0 0 1 0 0 1 0 -1 
-1 1 0 1 0 0 1 0 0 1 1 0 0 1 0 0 1 0 1 -1 
-1 0 1 0 1 0 0 1 0 0 0 0 1 0 0 0 0 1 0 -1 
-1 1 0 1 0 1 0 0 1 0 0 1 0 0 1 0 0 0 1 -1 
-1 0 1 0 1 0 1 0 0 1 1 0 0 1 0 1 0 0 0 -1 
-1 1 0 1 0 1 0 1 0 0 0 0 1 0 1 0 1 0 3 -1 
-1 0 1 0 1 0 1 0 1 1 1 1 0 1 0 1 0 1 0 -1 
-1 -1 -1 -1 -1 -1 -1 -1 -1 -1 -1 -1 -1 -1 -1 -1 -1 -1 -1 -1 
